303
205
502
103
202
208
315
1603
1515
1402
915
1613
1513
1512
1413
1614
1615
1609
1315
213
214
313
516
903
1409
1507
1610
1510
1509
1710
1608
1611
1508
1311
1407
1506
1406
1505
1709
1405
1109
715
514
713
716
615
616
515
415
414
815
714
913
114
115
113
408
409
509
508
309
410
308
209
310
210
411
510
511
610
211
111
513
711
609
709
608
507
306
406
311
305
207
107
112
110
212
12
407
505
607
506
611
710
413
314
215
206
1410
1411
1412
1111
1113
1205
1004
1103
1104
1204
1003
1102
1002
1001
901
1101
902
804
807
808
806
707
708
606
704
703
604
603
503
504
705
805
706
906
907
1006
1007
1106
905
1107
904
803
802
1008
702
908
602
1308
1408
1610
1210
1211
910
1010
1009
909
1110
1011
1207
1208
1108
1307
1306
1206
1707
1706
1808
1310
1309
1209
1606
1607
1705
1605
1806
1704
1805
1804
1807
1810
1809
1708
1714
1713
1715
1213
1214
1313
1314
15
16
11
14
13
812
712
911
813
912
914
1014
814
1813
1812
1814
1305
1000
1100
900
102
101
203
201
1
100
304
404
405
403
2
0
1112
1012
810
1114
811
1013
1312
1514
