1503
315
302
1615
1415
1216
1616
1516
1515
1416
1316
1315
1317
1617
1716
1417
1314
1215
1614
304
204
205
203
306
502
210
1609
1605
1505
1506
1405
1604
1603
1607
1303
1307
1408
1407
1308
1107
516
716
216
215
316
415
517
614
208
308
209
309
110
211
111
212
106
105
207
112
108
5
6
206
7
11
9
12
307
407
406
405
506
505
606
605
706
804
805
704
802
702
701
602
601
1004
803
703
503
905
906
1006
408
409
508
509
515
514
1214
1114
1113
1014
1013
1414
1514
1413
1213
1410
1409
1210
1311
1310
1412
1610
1710
1611
1711
1513
1512
1613
1714
1612
1109
1011
1110
1111
1211
1212
1312
1313
1112
913
1510
1511
1712
1012
1713
1212
1209
116
117
115
17
1002
1509
1201
1302
1301
1401
901
801
102
202
201
301
101
103
3
200
100
300
2
4
104
902
1001
1003
1103
903
904
1104
1204
1105
1203
1205
1305
1304
1306
1202
1102
1100
1101
1300
1206
1200
1106
1000
1005
1704
1705
1703
900
1400
403
402
800
500
700
401
907
600
806
609
608
507
708
705
10
109
1717
909
809
910
811
810
710
808
709
717
817
718
816
615
715
617
818
16
15
1817
1718
1805
1806
1804
1706
604
504
603
303
911
912
1418
1517
1708
1807
1808
1208
1309
908
1108
1207
1707
1606
1608
1010
1009
416
417
1217
1816
1411
1406
1507
1504
807
407
1818
1318
1218
1008
1518
1007
1508
707
607
616
610
1715
