1603
315
1515
203
403
402
502
302
603
205
1002
1316
1315
1215
1314
1416
1516
916
1513
1403
1505
1602
1702
1502
1704
1202
1305
1609
1607
1612
1613
1512
1412
1411
1311
1410
1312
1209
1309
1310
1210
1308
1409
1408
1109
1208
1111
309
216
215
316
416
417
516
517
616
115
114
116
213
914
1015
1014
505
508
407
310
210
410
211
408
308
613
409
509
510
312
311
411
412
511
512
611
514
610
1108
1009
1405
1406
1404
1306
802
803
902
903
1001
1102
1101
1104
601
501
401
701
702
602
703
704
801
600
504
503
907
1008
707
607
706
606
705
604
804
805
904
1003
905
605
1004
1103
1105
1204
1205
1304
1506
1507
1606
1706
1605
1504
1503
1604
1701
1801
1700
1708
1709
1809
1810
1808
1710
1007
1206
906
806
1006
1005
1207
1107
1307
1106
1508
1509
908
808
809
709
710
608
507
406
807
708
609
805
612
617
318
618
1417
1317
1517
1214
1213
15
16
14
518
1114
1113
815
915
1016
1415
1216
814
614
714
715
513
413
1318
1218
1418
1713
1714
1712
1814
1813
1303
1302
800
901
900
1201
1000
1100
700
1407
1705
1203
1506
400
500
304
404
405
303
202
907
506
1608
1800
1802
1501
