1503
315
302
1615
1415
1216
1616
1516
1515
1416
1316
1315
1317
1617
1716
1417
1314
1215
1614
304
204
205
203
305
502
209
516
716
216
215
316
415
517
614
311
409
511
211
310
309
210
212
110
610
611
710
711
811
812
911
613
513
713
714
814
815
914
915
505
504
704
503
602
506
605
405
606
706
705
607
806
707
1002
1602
1502
1603
1604
1704
1605
1705
1606
1501
1401
1601
1402
1509
1409
1408
1508
1308
1410
1608
1507
1707
1510
1609
1610
1710
1711
1809
1108
1107
1007
1008
1109
1006
907
906
1106
1207
1005
908
905
1010
1210
1110
1209
1214
1313
512
612
411
410
412
510
509
1113
1213
1212
1112
1012
1111
1312
1114
1013
116
117
115
17
416
417
111
1014
1015
1717
1217
1618
1517
1518
1318
312
313
11
113
12
13
912
104
103
105
807
808
1009
909
1706
1806
7
107
108
208
106
207
109
206
6
5
8
112
10
603
703
1400
1300
1500
1201
3
2
4
101
1211
1311
1418
1718
1811
1712
1812
1813
1810
1713
1309
1310
1607
1506
617
616
717
615
715
515
514
618
718
318
518
418
618
217
16
1011
910
403
404
303
