1503
215
303
1515
903
416
1316
1613
1517
1616
1016
205
305
306
405
204
203
209
503
1302
1505
1501
1602
1002
902
1003
1004
1104
1005
1105
1006
901
801
1001
702
1607
1606
1507
1106
1206
1707
1708
1706
1609
1601
1401
1303
1203
1304
1205
1402
1301
409
406
506
311
407
307
408
511
616
615
715
614
516
415
714
713
813
712
1314
1416
1417
1315
1215
1415
1216
1413
1410
1511
1210
1313
1213
1310
1311
1309
1411
1409
1510
1610
1512
1611
1412
1513
1212
1502
1403
812
913
505
507
808
709
809
710
1108
706
708
608
806
805
807
1008
1009
908
909
1109
912
1208
1207
1107
1308
1010
910
1011
911
1012
304
404
1209
1108
1600
1700
1500
1801
517
617
417
515
514
410
411
310
210
308
208
611
612
510
711
610
103
102
104
1717
1617
1618
1716
1317
1817
1718
618
717
718
818
518
817
2
101
206
1
3
1406
800
700
900
1307
1407
1306
1509
1808
1809
1807
1506
1605
1305
1405
905
804
906
904
1612
1414
1514
1214
1312
1211
1816
1518
810
707
907