918
917
1017
916
817
815
816
715
914
1709
1809
1708
1808
!1807
!1806
!1805
501
500
601
600
1301
1300
1201
1200
905
902
106
6
107
7
!5
!8
!9
!805
!915
1016
1116
1015
1014
1115
1215
1114
1113
1214
1314
1213
1212
1313
1413
1312
1311
1412
1512
1411
1410
1511
1611
1510
1509
1610
1710
1609
1608
1707
1607
1706
1606
1705
1704
1605
1505
1604
1603
1504
1404
1503
1502
1403
1303
1402
1401
1302
1101
1202
1203
1102
1002
1103
1104
1003
903
1004
1005
904
906
804
704
803
802
703
603
702
701
602
401
502
503
402
302
403
404
303
203
304
305
204
104
205
206
105
207
108
208
109
110
209
309
210
211
310
410
311
312
411
511
412
413
512
612
513
514
613
713
614
615
714
716
814
813
